frame: 1
   1.0000000    0.0000000    0.0000000    0.0000000 
   0.0000000    1.0000000    0.0000000    0.0000000 
   0.0000000    0.0000000    1.0000000    0.0000000 
   0.0000000    0.0000000    0.0000000    1.0000000 

frame: 2
   1.0000000    0.0000475   -0.0001079    0.0002409 
  -0.0000475    1.0000000   -0.0000576    0.0002879 
   0.0001079    0.0000576    1.0000000    0.0004402 
   0.0000000    0.0000000    0.0000000    1.0000000 

frame: 3
   1.0000000   -0.0000046   -0.0000485    0.0000674 
   0.0000046    1.0000000   -0.0001131    0.0008328 
   0.0000485    0.0001131    1.0000000    0.0009682 
   0.0000000    0.0000000    0.0000000    1.0000000 

frame: 4
   1.0000000   -0.0001306   -0.0001112    0.0002114 
   0.0001306    1.0000000   -0.0001176    0.0010919 
   0.0001112    0.0001176    1.0000000    0.0009187 
   0.0000000    0.0000000    0.0000000    1.0000000 

frame: 5
   1.0000000   -0.0000721   -0.0000561    0.0003937 
   0.0000721    1.0000000   -0.0001035   -0.0000567 
   0.0000561    0.0001035    1.0000000    0.0019065 
   0.0000000    0.0000000    0.0000000    1.0000000 

frame: 6
   0.9999999    0.0001887    0.0004618   -0.0009032 
  -0.0001887    1.0000000    0.0000200   -0.0001762 
  -0.0004618   -0.0000201    0.9999999    0.0010885 
   0.0000000    0.0000000    0.0000000    1.0000000 

frame: 7
   0.9999975   -0.0013085    0.0018023   -0.0009014 
   0.0013112    0.9999980   -0.0015262   -0.0034436 
  -0.0018003    0.0015286    0.9999972    0.0084008 
   0.0000000    0.0000000    0.0000000    1.0000000 

frame: 8
   0.9999998    0.0004313   -0.0003444    0.0013898 
  -0.0004325    0.9999939   -0.0034791    0.0036202 
   0.0003429    0.0034792    0.9999939    0.0139398 
   0.0000000    0.0000000    0.0000000    1.0000000 

frame: 9
   0.9999982    0.0018771    0.0002444   -0.0047945 
  -0.0018778    0.9999934    0.0031156    0.0001746 
  -0.0002386   -0.0031161    0.9999951    0.0484776 
   0.0000000    0.0000000    0.0000000    1.0000000 

frame: 10
   0.9999996   -0.0008119   -0.0004085   -0.0005319 
   0.0008111    0.9999979   -0.0018941   -0.0021290 
   0.0004100    0.0018937    0.9999981    0.0177547 
   0.0000000    0.0000000    0.0000000    1.0000000 

frame: 11
   0.9999995   -0.0010381   -0.0000246   -0.0033879 
   0.0010380    0.9999973   -0.0020904    0.0025670 
   0.0000268    0.0020904    0.9999978    0.0355197 
   0.0000000    0.0000000    0.0000000    1.0000000 

frame: 12
   0.9999953    0.0013887   -0.0027236   -0.0009717 
  -0.0013868    0.9999988    0.0006956    0.0011078 
   0.0027245   -0.0006918    0.9999960    0.0234516 
   0.0000000    0.0000000    0.0000000    1.0000000 

frame: 13
   0.9999539   -0.0001344   -0.0096000   -0.0024013 
   0.0001639    0.9999953    0.0030751   -0.0038752 
   0.0095996   -0.0030765    0.9999492    0.0449016 
   0.0000000    0.0000000    0.0000000    1.0000000 

frame: 14
   0.9999820   -0.0006227   -0.0059693   -0.0042350 
   0.0006052    0.9999955   -0.0029352    0.0030462 
   0.0059711    0.0029316    0.9999779    0.0165547 
   0.0000000    0.0000000    0.0000000    1.0000000 

frame: 15
   0.9998858   -0.0001253   -0.0151089   -0.0001087 
   0.0001591    0.9999975    0.0022364   -0.0002461 
   0.0151086   -0.0022386    0.9998834    0.0440745 
   0.0000000    0.0000000    0.0000000    1.0000000 

frame: 16
   0.9999759    0.0000405   -0.0069416   -0.0014852 
  -0.0000447    0.9999998   -0.0006150   -0.0009222 
   0.0069416    0.0006153    0.9999757    0.0185198 
   0.0000000    0.0000000    0.0000000    1.0000000 

frame: 17
   0.9999005    0.0010778   -0.0140654   -0.0035982 
  -0.0010817    0.9999994   -0.0002710   -0.0011118 
   0.0140651    0.0002862    0.9999010    0.0401268 
   0.0000000    0.0000000    0.0000000    1.0000000 

frame: 18
   0.9999748    0.0004888   -0.0070813   -0.0033538 
  -0.0004792    0.9999990    0.0013607    0.0006185 
   0.0070820   -0.0013573    0.9999740    0.0229076 
   0.0000000    0.0000000    0.0000000    1.0000000 

frame: 19
   0.9999205   -0.0001490   -0.0126085    0.0034761 
   0.0001644    0.9999992    0.0012226   -0.0049188 
   0.0126083   -0.0012246    0.9999198    0.0411473 
   0.0000000    0.0000000    0.0000000    1.0000000 

frame: 20
   0.9999991   -0.0001768    0.0013495   -0.0031195 
   0.0001794    0.9999981   -0.0019330    0.0037378 
  -0.0013492    0.0019332    0.9999972    0.0187969 
   0.0000000    0.0000000    0.0000000    1.0000000 

frame: 21
   0.9999922   -0.0025541   -0.0029993    0.0033692 
   0.0025498    0.9999957   -0.0014362   -0.0047544 
   0.0030030    0.0014285    0.9999945    0.0433542 
   0.0000000    0.0000000    0.0000000    1.0000000 

frame: 22
   1.0000000    0.0002364    0.0000662   -0.0025692 
  -0.0002363    0.9999982   -0.0018563    0.0016794 
  -0.0000666    0.0018563    0.9999983    0.0185150 
   0.0000000    0.0000000    0.0000000    1.0000000 

frame: 23
   0.9999992    0.0005748   -0.0010852   -0.0013624 
  -0.0005713    0.9999945    0.0032688   -0.0037074 
   0.0010871   -0.0032682    0.9999941    0.0510055 
   0.0000000    0.0000000    0.0000000    1.0000000 

frame: 24
   0.9999997    0.0007486    0.0003248   -0.0021740 
  -0.0007479    0.9999973   -0.0021841   -0.0007845 
  -0.0003264    0.0021839    0.9999976    0.0205638 
   0.0000000    0.0000000    0.0000000    1.0000000 

frame: 25
   0.9999983    0.0017969   -0.0004634   -0.0027953 
  -0.0017968    0.9999984    0.0001112   -0.0016227 
   0.0004636   -0.0001103    0.9999999    0.0526106 
   0.0000000    0.0000000    0.0000000    1.0000000 

frame: 26
   0.9999993    0.0005315   -0.0010700   -0.0007602 
  -0.0005348    0.9999953   -0.0030200   -0.0009601 
   0.0010683    0.0030206    0.9999949    0.0257317 
   0.0000000    0.0000000    0.0000000    1.0000000 

frame: 27
   0.9999988    0.0010488    0.0011220   -0.0034979 
  -0.0010420    0.9999813   -0.0060219   -0.0033573 
  -0.0011283    0.0060207    0.9999812    0.0510486 
   0.0000000    0.0000000    0.0000000    1.0000000 

frame: 28
   0.9999982    0.0001153   -0.0019109   -0.0011199 
  -0.0001187    0.9999984   -0.0017778   -0.0009152 
   0.0019107    0.0017780    0.9999966    0.0267274 
   0.0000000    0.0000000    0.0000000    1.0000000 

frame: 29
   0.9999778   -0.0028816    0.0060060    0.0013275 
   0.0029260    0.9999683   -0.0074005   -0.0026755 
  -0.0059845    0.0074179    0.9999546    0.0650173 
   0.0000000    0.0000000    0.0000000    1.0000000 

frame: 30
   0.9999997    0.0007575    0.0003520   -0.0033448 
  -0.0007569    0.9999984   -0.0016239    0.0008528 
  -0.0003533    0.0016236    0.9999986    0.0388108 
   0.0000000    0.0000000    0.0000000    1.0000000 

frame: 31
   0.9999986    0.0015514    0.0005943   -0.0054742 
  -0.0015483    0.9999849   -0.0052729   -0.0015553 
  -0.0006025    0.0052719    0.9999859    0.0821415 
   0.0000000    0.0000000    0.0000000    1.0000000 

frame: 32
   0.9999956   -0.0026668    0.0012829   -0.0017757 
   0.0026712    0.9999906   -0.0034282    0.0055749 
  -0.0012738    0.0034316    0.9999933    0.0552259 
   0.0000000    0.0000000    0.0000000    1.0000000 

frame: 33
   0.9999996   -0.0008462    0.0001709   -0.0038664 
   0.0008463    0.9999994   -0.0007001    0.0014982 
  -0.0001703    0.0007002    0.9999997    0.0140020 
   0.0000000    0.0000000    0.0000000    1.0000000 

frame: 34
   0.9999997   -0.0000568    0.0007325   -0.0053048 
   0.0000575    0.9999995   -0.0010264    0.0003350 
  -0.0007325    0.0010264    0.9999992    0.0621087 
   0.0000000    0.0000000    0.0000000    1.0000000 

frame: 35
   0.9999992    0.0011420   -0.0005645   -0.0040134 
  -0.0011412    0.9999981    0.0015717   -0.0033227 
   0.0005663   -0.0015711    0.9999986    0.0887255 
   0.0000000    0.0000000    0.0000000    1.0000000 

frame: 36
   0.9999999    0.0001549    0.0004380   -0.0015950 
  -0.0001560    0.9999971    0.0023879   -0.0010895 
  -0.0004376   -0.0023880    0.9999971    0.0475340 
   0.0000000    0.0000000    0.0000000    1.0000000 

frame: 37
   0.9999974    0.0022478    0.0004113   -0.0055500 
  -0.0022499    0.9999851    0.0049648    0.0010648 
  -0.0004002   -0.0049658    0.9999876    0.0936931 
   0.0000000    0.0000000    0.0000000    1.0000000 

frame: 38
   0.9999972    0.0022450   -0.0007413   -0.0035833 
  -0.0022440    0.9999966    0.0013432   -0.0009772 
   0.0007443   -0.0013416    0.9999988    0.0480718 
   0.0000000    0.0000000    0.0000000    1.0000000 

frame: 39
   0.9999989   -0.0012887    0.0007385   -0.0038675 
   0.0012903    0.9999968   -0.0021843   -0.0063966 
  -0.0007357    0.0021853    0.9999973    0.0891158 
   0.0000000    0.0000000    0.0000000    1.0000000 

frame: 40
   0.9999988   -0.0014749   -0.0004651    0.0008823 
   0.0014737    0.9999960   -0.0024031    0.0024000 
   0.0004686    0.0024024    0.9999970    0.0409465 
   0.0000000    0.0000000    0.0000000    1.0000000 

frame: 41
   0.9999991    0.0009065   -0.0010105   -0.0052217 
  -0.0009072    0.9999993   -0.0007167   -0.0011167 
   0.0010098    0.0007177    0.9999992    0.0871876 
   0.0000000    0.0000000    0.0000000    1.0000000 

frame: 42
   0.9999998    0.0002609   -0.0005976   -0.0009040 
  -0.0002606    0.9999999    0.0004503   -0.0018428 
   0.0005977   -0.0004501    0.9999997    0.0467476 
   0.0000000    0.0000000    0.0000000    1.0000000 

frame: 43
   0.9999995   -0.0004950    0.0009105   -0.0037669 
   0.0004958    0.9999994   -0.0009333   -0.0013116 
  -0.0009101    0.0009337    0.9999991    0.0862159 
   0.0000000    0.0000000    0.0000000    1.0000000 

frame: 44
   0.9999964   -0.0022850   -0.0014030    0.0013092 
   0.0022833    0.9999967   -0.0012159   -0.0020126 
   0.0014057    0.0012127    0.9999983    0.0448276 
   0.0000000    0.0000000    0.0000000    1.0000000 

frame: 45
   0.9999981   -0.0012405    0.0015230   -0.0014122 
   0.0012462    0.9999924   -0.0037056   -0.0036395 
  -0.0015183    0.0037075    0.9999920    0.0829044 
   0.0000000    0.0000000    0.0000000    1.0000000 

frame: 46
   0.9999997    0.0007017   -0.0001369   -0.0047455 
  -0.0007019    0.9999986   -0.0014876   -0.0039240 
   0.0001359    0.0014877    0.9999989    0.0417885 
   0.0000000    0.0000000    0.0000000    1.0000000 

frame: 47
   0.9999997   -0.0007071   -0.0000915   -0.0017055 
   0.0007071    0.9999997   -0.0002147   -0.0032957 
   0.0000916    0.0002146    1.0000000    0.0865185 
   0.0000000    0.0000000    0.0000000    1.0000000 

frame: 48
   0.9999998    0.0001352    0.0005333   -0.0005845 
  -0.0001351    1.0000000   -0.0001990   -0.0004304 
  -0.0005333    0.0001989    0.9999998    0.0448832 
   0.0000000    0.0000000    0.0000000    1.0000000 

frame: 49
   0.9999999    0.0005162   -0.0000647   -0.0043192 
  -0.0005163    0.9999991   -0.0012533    0.0019467 
   0.0000640    0.0012533    0.9999992    0.0878500 
   0.0000000    0.0000000    0.0000000    1.0000000 

frame: 50
   0.9999997   -0.0007326   -0.0002350   -0.0014054 
   0.0007328    0.9999992    0.0010242   -0.0023387 
   0.0002342   -0.0010244    0.9999994    0.0455231 
   0.0000000    0.0000000    0.0000000    1.0000000 

frame: 51
   0.9999998    0.0001143    0.0005777   -0.0033194 
  -0.0001140    0.9999999   -0.0005319   -0.0019183 
  -0.0005778    0.0005319    0.9999997    0.0853760 
   0.0000000    0.0000000    0.0000000    1.0000000 

frame: 52
   0.9999985    0.0014726    0.0009358   -0.0037506 
  -0.0014744    0.9999971    0.0019277   -0.0027904 
  -0.0009330   -0.0019290    0.9999977    0.0456400 
   0.0000000    0.0000000    0.0000000    1.0000000 

frame: 53
   0.9999932    0.0036506   -0.0004415   -0.0074909 
  -0.0036485    0.9999826    0.0046405   -0.0022989 
   0.0004585   -0.0046388    0.9999891    0.0940072 
   0.0000000    0.0000000    0.0000000    1.0000000 

frame: 54
   1.0000000    0.0000095   -0.0000207   -0.0003488 
  -0.0000095    0.9999984   -0.0017645    0.0006298 
   0.0000207    0.0017645    0.9999984    0.0434157 
   0.0000000    0.0000000    0.0000000    1.0000000 

frame: 55
   0.9999994   -0.0007976    0.0007289   -0.0046771 
   0.0007966    0.9999988    0.0013632   -0.0043068 
  -0.0007300   -0.0013626    0.9999988    0.0886812 
   0.0000000    0.0000000    0.0000000    1.0000000 

frame: 56
   0.9999965    0.0024273   -0.0010099   -0.0025048 
  -0.0024278    0.9999969   -0.0004793   -0.0003132 
   0.0010087    0.0004818    0.9999994    0.0439009 
   0.0000000    0.0000000    0.0000000    1.0000000 

frame: 57
   0.9999551    0.0013017    0.0093829   -0.0002382 
  -0.0013201    0.9999972    0.0019619   -0.0043789 
  -0.0093803   -0.0019741    0.9999541    0.0921356 
   0.0000000    0.0000000    0.0000000    1.0000000 

frame: 58
   0.9999306    0.0005603    0.0117720    0.0034180 
  -0.0005416    0.9999986   -0.0015866    0.0018098 
  -0.0117729    0.0015801    0.9999294    0.0427657 
   0.0000000    0.0000000    0.0000000    1.0000000 

frame: 59
   0.9995994   -0.0050374    0.0278508    0.0014773 
   0.0050916    0.9999853   -0.0018769   -0.0006905 
  -0.0278410    0.0020179    0.9996103    0.0850371 
   0.0000000    0.0000000    0.0000000    1.0000000 

frame: 60
   0.9999275   -0.0007958    0.0120183   -0.0005193 
   0.0007654    0.9999965    0.0025285   -0.0066404 
  -0.0120202   -0.0025191    0.9999246    0.0435357 
   0.0000000    0.0000000    0.0000000    1.0000000 

frame: 61
   0.9996261   -0.0024907    0.0272301    0.0001848 
   0.0026303    0.9999836   -0.0050923    0.0029322 
  -0.0272170    0.0051620    0.9996162    0.0768466 
   0.0000000    0.0000000    0.0000000    1.0000000 

frame: 62
   0.9999224   -0.0022474    0.0122554    0.0036036 
   0.0022080    0.9999924    0.0032232   -0.0086036 
  -0.0122626   -0.0031959    0.9999197    0.0478595 
   0.0000000    0.0000000    0.0000000    1.0000000 

frame: 63
   0.9998296   -0.0011784    0.0184214   -0.0091451 
   0.0011907    0.9999991   -0.0006586    0.0037587 
  -0.0184206    0.0006805    0.9998301    0.0863810 
   0.0000000    0.0000000    0.0000000    1.0000000 

frame: 64
   0.9999991   -0.0008897   -0.0010181    0.0007769 
   0.0008888    0.9999993   -0.0008305   -0.0038672 
   0.0010189    0.0008296    0.9999991    0.0400801 
   0.0000000    0.0000000    0.0000000    1.0000000 

frame: 65
   0.9999927   -0.0037460    0.0007151   -0.0018212 
   0.0037451    0.9999922    0.0012520   -0.0017532 
  -0.0007197   -0.0012493    0.9999990    0.0730895 
   0.0000000    0.0000000    0.0000000    1.0000000 

frame: 66
   0.9999922    0.0014132   -0.0036998   -0.0061238 
  -0.0014131    0.9999990    0.0000200   -0.0031426 
   0.0036998   -0.0000147    0.9999932    0.0342054 
   0.0000000    0.0000000    0.0000000    1.0000000 

frame: 67
   0.9998552   -0.0005942   -0.0170081   -0.0079574 
   0.0005724    0.9999990   -0.0012859    0.0014753 
   0.0170089    0.0012760    0.9998545    0.0598036 
   0.0000000    0.0000000    0.0000000    1.0000000 

frame: 68
   0.9998717    0.0011220   -0.0159777   -0.0036274 
  -0.0011518    0.9999976   -0.0018566   -0.0006242 
   0.0159755    0.0018747    0.9998706    0.0307797 
   0.0000000    0.0000000    0.0000000    1.0000000 

frame: 69
   0.9990589    0.0021007   -0.0433226   -0.0143427 
  -0.0020810    0.9999977    0.0004998   -0.0007855 
   0.0433236   -0.0004091    0.9990610    0.0607121 
   0.0000000    0.0000000    0.0000000    1.0000000 

frame: 70
   0.9996330    0.0030852   -0.0269135   -0.0048581 
  -0.0030207    0.9999925    0.0024357    0.0000490 
   0.0269208   -0.0023535    0.9996348    0.0302106 
   0.0000000    0.0000000    0.0000000    1.0000000 

frame: 71
   0.9986059   -0.0013068   -0.0527694   -0.0037839 
   0.0012446    0.9999985   -0.0012123   -0.0017175 
   0.0527709    0.0011450    0.9986060    0.0459761 
   0.0000000    0.0000000    0.0000000    1.0000000 

frame: 72
   0.9996218    0.0000722   -0.0275004   -0.0073975 
  -0.0002313    0.9999833   -0.0057810    0.0025464 
   0.0274996    0.0057852    0.9996051    0.0187475 
   0.0000000    0.0000000    0.0000000    1.0000000 

frame: 73
   0.9984827    0.0031756   -0.0549745   -0.0070999 
  -0.0032017    0.9999948   -0.0003878   -0.0026641 
   0.0549730    0.0005632    0.9984877    0.0440823 
   0.0000000    0.0000000    0.0000000    1.0000000 

frame: 74
   0.9996697    0.0015589   -0.0256527   -0.0048858 
  -0.0015027    0.9999964    0.0022105    0.0037710 
   0.0256561   -0.0021712    0.9996685    0.0275610 
   0.0000000    0.0000000    0.0000000    1.0000000 

frame: 75
   0.9983629    0.0015588   -0.0571762   -0.0074719 
  -0.0017417    0.9999935   -0.0031495   -0.0058847 
   0.0571709    0.0032440    0.9983591    0.0405360 
   0.0000000    0.0000000    0.0000000    1.0000000 

frame: 76
   0.9995719    0.0026008   -0.0291433   -0.0141310 
  -0.0027081    0.9999897   -0.0036435    0.0069183 
   0.0291336    0.0037209    0.9995686    0.0212552 
   0.0000000    0.0000000    0.0000000    1.0000000 

frame: 77
   0.9981858    0.0009596   -0.0602010   -0.0135433 
  -0.0009514    0.9999995    0.0001653    0.0009921 
   0.0602011   -0.0001077    0.9981863    0.0527489 
   0.0000000    0.0000000    0.0000000    1.0000000 

frame: 78
   0.9995102    0.0018765   -0.0312391   -0.0065923 
  -0.0018795    0.9999982   -0.0000680   -0.0020423 
   0.0312390    0.0001267    0.9995119    0.0316321 
   0.0000000    0.0000000    0.0000000    1.0000000 

frame: 79
   0.9978279    0.0051741   -0.0656710   -0.0227160 
  -0.0048589    0.9999759    0.0049583    0.0028229 
   0.0656951   -0.0046284    0.9978290    0.0749071 
   0.0000000    0.0000000    0.0000000    1.0000000 

frame: 80
   0.9995966    0.0012928   -0.0283709    0.0014759 
  -0.0013914    0.9999931   -0.0034569   -0.0087247 
   0.0283663    0.0034949    0.9995915    0.0301910 
   0.0000000    0.0000000    0.0000000    1.0000000 

frame: 81
   0.9982602    0.0097081   -0.0581573   -0.0172198 
  -0.0100822    0.9999303   -0.0061428    0.0022015 
   0.0580936    0.0067185    0.9982885    0.0663750 
   0.0000000    0.0000000    0.0000000    1.0000000 

frame: 82
   0.9996272    0.0005130   -0.0272993   -0.0106730 
  -0.0006373    0.9999895   -0.0045459   -0.0017162 
   0.0272967    0.0045616    0.9996170    0.0241634 
   0.0000000    0.0000000    0.0000000    1.0000000 

frame: 83
   0.9979886    0.0052510   -0.0631753   -0.0179514 
  -0.0051310    0.9999847    0.0020604    0.0020725 
   0.0631852   -0.0017321    0.9980003    0.0669551 
   0.0000000    0.0000000    0.0000000    1.0000000 

frame: 84
   0.9996247    0.0070450   -0.0264731   -0.0156105 
  -0.0071537    0.9999664   -0.0040107    0.0008069 
   0.0264439    0.0041986    0.9996415    0.0352124 
   0.0000000    0.0000000    0.0000000    1.0000000 

frame: 85
   0.9977904   -0.0105838   -0.0655922   -0.0111008 
   0.0094079    0.9997899   -0.0182117   -0.0055732 
   0.0657712    0.0175544    0.9976803    0.0383391 
   0.0000000    0.0000000    0.0000000    1.0000000 

frame: 86
   0.9994563    0.0052020   -0.0325592   -0.0133936 
  -0.0052327    0.9999859   -0.0008583    0.0066200 
   0.0325543    0.0010282    0.9994694    0.0296025 
   0.0000000    0.0000000    0.0000000    1.0000000 

frame: 87
   0.9980623    0.0025708   -0.0621690   -0.0166289 
  -0.0024065    0.9999934    0.0027184   -0.0025345 
   0.0621755   -0.0025635    0.9980619    0.0706560 
   0.0000000    0.0000000    0.0000000    1.0000000 

frame: 88
   0.9994681   -0.0020519   -0.0325465   -0.0075941 
   0.0019573    0.9999938   -0.0029392    0.0024292 
   0.0325523    0.0028739    0.9994659    0.0307368 
   0.0000000    0.0000000    0.0000000    1.0000000 

frame: 89
   0.9978939    0.0142845   -0.0632756   -0.0290150 
  -0.0135601    0.9998377    0.0118634    0.0096703 
   0.0634348   -0.0109804    0.9979256    0.0800058 
   0.0000000    0.0000000    0.0000000    1.0000000 

frame: 90
   0.9995795    0.0036982   -0.0287591   -0.0090629 
  -0.0035387    0.9999781    0.0055970   -0.0115379 
   0.0287792   -0.0054929    0.9995707    0.0389905 
   0.0000000    0.0000000    0.0000000    1.0000000 

frame: 91
   0.9982991   -0.0023851   -0.0582507   -0.0152563 
   0.0020024    0.9999760   -0.0066270    0.0060975 
   0.0582651    0.0064991    0.9982800    0.0590756 
   0.0000000    0.0000000    0.0000000    1.0000000 

frame: 92
   0.9994000    0.0086583   -0.0335361   -0.0120802 
  -0.0084722    0.9999479    0.0056868    0.0030984 
   0.0335836   -0.0053993    0.9994213    0.0440315 
   0.0000000    0.0000000    0.0000000    1.0000000 

frame: 93
   0.9983798    0.0038073   -0.0567741   -0.0118014 
  -0.0035112    0.9999797    0.0053144   -0.0042313 
   0.0567932   -0.0051065    0.9983729    0.0849925 
   0.0000000    0.0000000    0.0000000    1.0000000 

frame: 94
   0.9996346    0.0080562   -0.0258005   -0.0101569 
  -0.0080455    0.9999675    0.0005177    0.0040915 
   0.0258039   -0.0003099    0.9996670    0.0298980 
   0.0000000    0.0000000    0.0000000    1.0000000 

frame: 95
   0.9980825    0.0044866   -0.0617350   -0.0101650 
  -0.0046941    0.9999838   -0.0032166    0.0024502 
   0.0617196    0.0035003    0.9980874    0.0690950 
   0.0000000    0.0000000    0.0000000    1.0000000 

frame: 96
   0.9996400    0.0032241   -0.0266375   -0.0107004 
  -0.0031396    0.9999899    0.0032102   -0.0005056 
   0.0266476   -0.0031254    0.9996400    0.0370521 
   0.0000000    0.0000000    0.0000000    1.0000000 

frame: 97
   0.9983329    0.0030217   -0.0576386   -0.0071190 
  -0.0032144    0.9999895   -0.0032510    0.0005968 
   0.0576281    0.0034309    0.9983322    0.0710784 
   0.0000000    0.0000000    0.0000000    1.0000000 

frame: 98
   0.9996304    0.0046098   -0.0267922   -0.0137193 
  -0.0044722    0.9999765    0.0051928   -0.0076894 
   0.0268155   -0.0050711    0.9996275    0.0424412 
   0.0000000    0.0000000    0.0000000    1.0000000 

frame: 99
   0.9983236    0.0009817   -0.0578715   -0.0106519 
  -0.0013102    0.9999833   -0.0056375    0.0041502 
   0.0578650    0.0057039    0.9983081    0.0660167 
   0.0000000    0.0000000    0.0000000    1.0000000 

frame: 100
   0.9995586    0.0034099   -0.0295132   -0.0051037 
  -0.0034001    0.9999941    0.0003836   -0.0104931 
   0.0295143   -0.0002830    0.9995643    0.0360112 
   0.0000000    0.0000000    0.0000000    1.0000000 

frame: 101
   0.9982943    0.0018126   -0.0583550   -0.0157859 
  -0.0018159    0.9999984   -0.0000044    0.0102716 
   0.0583549    0.0001104    0.9982959    0.0755185 
   0.0000000    0.0000000    0.0000000    1.0000000 

frame: 102
   0.9982943    0.0018126   -0.0583550   -0.0157859 
  -0.0018159    0.9999984   -0.0000044    0.0102716 
   0.0583549    0.0001104    0.9982959    0.0755185 
   0.0000000    0.0000000    0.0000000    1.0000000 

frame: 103
   0.9982943    0.0018126   -0.0583550   -0.0157859 
  -0.0018159    0.9999984   -0.0000044    0.0102716 
   0.0583549    0.0001104    0.9982959    0.0755185 
   0.0000000    0.0000000    0.0000000    1.0000000 

frame: 104
   0.9982943    0.0018126   -0.0583550   -0.0157859 
  -0.0018159    0.9999984   -0.0000044    0.0102716 
   0.0583549    0.0001104    0.9982959    0.0755185 
   0.0000000    0.0000000    0.0000000    1.0000000 

frame: 105
   0.9999973    0.0003257   -0.0023144    0.0037248 
  -0.0003269    0.9999998   -0.0005298   -0.0017806 
   0.0023143    0.0005306    0.9999972    0.0326006 
   0.0000000    0.0000000    0.0000000    1.0000000 

frame: 106
   0.9999994   -0.0005728   -0.0009165   -0.0059672 
   0.0005700    0.9999951   -0.0030771   -0.0018378 
   0.0009183    0.0030765    0.9999948    0.0707186 
   0.0000000    0.0000000    0.0000000    1.0000000 

frame: 107
   0.9999964    0.0014749   -0.0022280   -0.0002916 
  -0.0014706    0.9999970    0.0019458   -0.0034429 
   0.0022308   -0.0019425    0.9999956    0.0384935 
   0.0000000    0.0000000    0.0000000    1.0000000 

frame: 108
   0.9999991   -0.0002765    0.0013362   -0.0025059 
   0.0002765    1.0000000   -0.0000310   -0.0029450 
  -0.0013362    0.0000314    0.9999991    0.0797636 
   0.0000000    0.0000000    0.0000000    1.0000000 

frame: 109
   0.9999987   -0.0015507   -0.0003481   -0.0024493 
   0.0015507    0.9999988   -0.0000057   -0.0009885 
   0.0003481    0.0000051    0.9999999    0.0410020 
   0.0000000    0.0000000    0.0000000    1.0000000 

frame: 110
   0.9999949   -0.0024974   -0.0019931    0.0004516 
   0.0024957    0.9999965   -0.0008528   -0.0036679 
   0.0019953    0.0008478    0.9999977    0.0839068 
   0.0000000    0.0000000    0.0000000    1.0000000 

frame: 111
   0.9999968   -0.0025289    0.0000759    0.0025950 
   0.0025288    0.9999953    0.0017362   -0.0055745 
  -0.0000803   -0.0017360    0.9999985    0.0697253 
   0.0000000    0.0000000    0.0000000    1.0000000 

frame: 112
   0.9999999   -0.0002368    0.0004434   -0.0027020 
   0.0002364    0.9999995    0.0009751   -0.0046178 
  -0.0004436   -0.0009750    0.9999994    0.0338021 
   0.0000000    0.0000000    0.0000000    1.0000000 

frame: 113
   0.9999764   -0.0006420    0.0068368   -0.0004365 
   0.0006674    0.9999929   -0.0037174    0.0267033 
  -0.0068344    0.0037219    0.9999697    0.0635063 
   0.0000000    0.0000000    0.0000000    1.0000000 

frame: 114
   0.9994489   -0.0040930    0.0329417    0.0088985 
   0.0040827    0.9999916    0.0003796   -0.0113113 
  -0.0329430   -0.0002449    0.9994572    0.0794285 
   0.0000000    0.0000000    0.0000000    1.0000000 

frame: 115
   0.9996647   -0.0010435    0.0258727    0.0032588 
   0.0009854    0.9999970    0.0022593   -0.0016101 
  -0.0258749   -0.0022330    0.9996627    0.0461450 
   0.0000000    0.0000000    0.0000000    1.0000000 

frame: 116
   0.9987487   -0.0019414    0.0499717    0.0013360 
   0.0016794    0.9999846    0.0052842   -0.0015616 
  -0.0499812   -0.0051936    0.9987367    0.0875656 
   0.0000000    0.0000000    0.0000000    1.0000000 

frame: 117
   0.9998529   -0.0008027    0.0171338   -0.0133872 
   0.0007353    0.9999920    0.0039401   -0.0089479 
  -0.0171368   -0.0039269    0.9998454    0.0352810 
   0.0000000    0.0000000    0.0000000    1.0000000 

frame: 118
   0.9994268    0.0012668    0.0338304    0.0077158 
  -0.0010475    0.9999783   -0.0064984    0.0087940 
  -0.0338379    0.0064593    0.9994065    0.0577009 
   0.0000000    0.0000000    0.0000000    1.0000000 

frame: 119
   0.9998881   -0.0021302    0.0148058   -0.0028647 
   0.0020276    0.9999738    0.0069459   -0.0123874 
  -0.0148202   -0.0069151    0.9998663    0.0504030 
   0.0000000    0.0000000    0.0000000    1.0000000 

frame: 120
   0.9996983   -0.0031067    0.0243666    0.0031134 
   0.0031932    0.9999887   -0.0035143    0.0021064 
  -0.0243554    0.0035910    0.9996969    0.0742137 
   0.0000000    0.0000000    0.0000000    1.0000000 

frame: 121
   0.9999080   -0.0026798    0.0132940   -0.0040387 
   0.0026371    0.9999913    0.0032323   -0.0025823 
  -0.0133025   -0.0031969    0.9999064    0.0468755 
   0.0000000    0.0000000    0.0000000    1.0000000 

frame: 122
   0.9996848   -0.0002546    0.0251057   -0.0007428 
   0.0002398    0.9999998    0.0005958   -0.0068714 
  -0.0251058   -0.0005896    0.9996846    0.0853108 
   0.0000000    0.0000000    0.0000000    1.0000000 

frame: 123
   0.9999364   -0.0006087    0.0112660   -0.0009408 
   0.0006159    0.9999996   -0.0006353    0.0001606 
  -0.0112656    0.0006422    0.9999363    0.0435931 
   0.0000000    0.0000000    0.0000000    1.0000000 

frame: 124
   0.9997368   -0.0001289    0.0229416   -0.0040141 
   0.0001138    0.9999998    0.0006596   -0.0053748 
  -0.0229417   -0.0006568    0.9997366    0.0941829 
   0.0000000    0.0000000    0.0000000    1.0000000 

frame: 125
   0.9999557    0.0036034    0.0086907   -0.0088588 
  -0.0036084    0.9999933    0.0005558    0.0005708 
  -0.0086886   -0.0005871    0.9999621    0.0482656 
   0.0000000    0.0000000    0.0000000    1.0000000 

frame: 126
   0.9999924    0.0015548    0.0035750   -0.0083096 
  -0.0015534    0.9999987   -0.0003911   -0.0029432 
  -0.0035756    0.0003855    0.9999935    0.0953457 
   0.0000000    0.0000000    0.0000000    1.0000000 

frame: 127
   0.9999987    0.0013373   -0.0009166   -0.0032463 
  -0.0013384    0.9999983   -0.0012640   -0.0057269 
   0.0009149    0.0012652    0.9999988    0.0455462 
   0.0000000    0.0000000    0.0000000    1.0000000 

frame: 128
   0.9999938   -0.0014810    0.0031911   -0.0020327 
   0.0015059    0.9999684   -0.0078003   -0.0035169 
  -0.0031795    0.0078051    0.9999645    0.0841426 
   0.0000000    0.0000000    0.0000000    1.0000000 

frame: 129
   0.9999985    0.0015400   -0.0007412   -0.0063353 
  -0.0015406    0.9999985   -0.0008491    0.0045587 
   0.0007398    0.0008503    0.9999994    0.0458971 
   0.0000000    0.0000000    0.0000000    1.0000000 

frame: 130
   0.9999999    0.0002736   -0.0004673   -0.0007243 
  -0.0002713    0.9999883    0.0048274   -0.0025449 
   0.0004686   -0.0048273    0.9999882    0.1029581 
   0.0000000    0.0000000    0.0000000    1.0000000 

frame: 131
   0.9999962    0.0011583    0.0025204   -0.0097874 
  -0.0011692    0.9999899    0.0043394   -0.0082342 
  -0.0025154   -0.0043423    0.9999874    0.0524404 
   0.0000000    0.0000000    0.0000000    1.0000000 

frame: 132
   0.9999835    0.0056554   -0.0009957   -0.0066423 
  -0.0056527    0.9999804    0.0026868    0.0011769 
   0.0010109   -0.0026811    0.9999959    0.0921926 
   0.0000000    0.0000000    0.0000000    1.0000000 

frame: 133
   0.9999959    0.0028253    0.0005407   -0.0054072 
  -0.0028245    0.9999947   -0.0015992    0.0028840 
  -0.0005452    0.0015977    0.9999986    0.0469127 
   0.0000000    0.0000000    0.0000000    1.0000000 

frame: 134
   0.9999784    0.0065740    0.0000501   -0.0165954 
  -0.0065742    0.9999478    0.0078255    0.0019098 
   0.0000013   -0.0078257    0.9999694    0.1030310 
   0.0000000    0.0000000    0.0000000    1.0000000 

frame: 135
   0.9999564    0.0010658   -0.0092818   -0.0043719 
  -0.0010249    0.9999897    0.0044188   -0.0044003 
   0.0092864   -0.0044091    0.9999472    0.0502365 
   0.0000000    0.0000000    0.0000000    1.0000000 

frame: 136
   0.9997845    0.0019512   -0.0206662   -0.0130459 
  -0.0019598    0.9999980   -0.0003946    0.0044691 
   0.0206654    0.0004350    0.9997864    0.0895036 
   0.0000000    0.0000000    0.0000000    1.0000000 

frame: 137
   0.9998439    0.0000193   -0.0176710   -0.0034026 
   0.0000756    0.9999856    0.0053686   -0.0127421 
   0.0176709   -0.0053691    0.9998294    0.0477038 
   0.0000000    0.0000000    0.0000000    1.0000000 

frame: 138
   0.9990867    0.0042149   -0.0425212   -0.0137205 
  -0.0045346    0.9999621   -0.0074261    0.0098547 
   0.0424883    0.0076122    0.9990680    0.0704349 
   0.0000000    0.0000000    0.0000000    1.0000000 

frame: 139
   0.9996490    0.0022284   -0.0263975   -0.0026271 
  -0.0022383    0.9999974   -0.0003462   -0.0060323 
   0.0263966    0.0004051    0.9996515    0.0393688 
   0.0000000    0.0000000    0.0000000    1.0000000 

frame: 140
   0.9986607    0.0009369   -0.0517298   -0.0150580 
  -0.0009982    0.9999988   -0.0011584    0.0077273 
   0.0517287    0.0012085    0.9986604    0.0774155 
   0.0000000    0.0000000    0.0000000    1.0000000 

frame: 141
   0.9996228    0.0033196   -0.0272620   -0.0027229 
  -0.0033757    0.9999923   -0.0020093   -0.0088049 
   0.0272551    0.0021006    0.9996263    0.0352199 
   0.0000000    0.0000000    0.0000000    1.0000000 

frame: 142
   0.9986391    0.0057820   -0.0518316   -0.0127114 
  -0.0058075    0.9999831   -0.0003414    0.0146911 
   0.0518287    0.0006419    0.9986558    0.0700484 
   0.0000000    0.0000000    0.0000000    1.0000000 

frame: 143
   0.9995000   -0.0006047   -0.0316145    0.0022378 
   0.0005272    0.9999968   -0.0024594   -0.0112828 
   0.0316159    0.0024415    0.9994971    0.0284908 
   0.0000000    0.0000000    0.0000000    1.0000000 

frame: 144
   0.9985660   -0.0003976   -0.0535338   -0.0085859 
   0.0001369    0.9999881   -0.0048720    0.0014035 
   0.0535351    0.0048577    0.9985542    0.0573267 
   0.0000000    0.0000000    0.0000000    1.0000000 

frame: 145
   0.9995007   -0.0004739   -0.0315947   -0.0018553 
   0.0006075    0.9999909    0.0042186   -0.0073937 
   0.0315924   -0.0042357    0.9994919    0.0288834 
   0.0000000    0.0000000    0.0000000    1.0000000 

frame: 146
   0.9963661   -0.0020534   -0.0851486   -0.0107325 
   0.0020016    0.9999978   -0.0006940   -0.0014238 
   0.0851498    0.0005210    0.9963680    0.0697808 
   0.0000000    0.0000000    0.0000000    1.0000000 

frame: 147
   0.9990605    0.0035481   -0.0431906   -0.0105016 
  -0.0034350    0.9999905    0.0026925   -0.0057339 
   0.0431998   -0.0025416    0.9990632    0.0269536 
   0.0000000    0.0000000    0.0000000    1.0000000 

frame: 148
   0.9955667    0.0047460   -0.0939379   -0.0069273 
  -0.0044436    0.9999843    0.0034283   -0.0010966 
   0.0939527   -0.0029957    0.9955722    0.0313609 
   0.0000000    0.0000000    0.0000000    1.0000000 

frame: 149
   0.9987864   -0.0004205   -0.0492495   -0.0060996 
   0.0003839    0.9999996   -0.0007511    0.0025356 
   0.0492498    0.0007312    0.9987862    0.0231012 
   0.0000000    0.0000000    0.0000000    1.0000000 

frame: 150
   0.9951304    0.0054699   -0.0984149   -0.0150989 
  -0.0055801    0.9999841   -0.0008446    0.0019001 
   0.0984087    0.0013896    0.9951451    0.0580282 
   0.0000000    0.0000000    0.0000000    1.0000000 

frame: 151
   0.9986307    0.0006912   -0.0523091   -0.0097240 
  -0.0007239    0.9999996   -0.0006054    0.0050709 
   0.0523086    0.0006424    0.9986308    0.0208938 
   0.0000000    0.0000000    0.0000000    1.0000000 

frame: 152
   0.9950063    0.0010264   -0.0998071   -0.0285113 
  -0.0006063    0.9999908    0.0042396   -0.0013178 
   0.0998105   -0.0041579    0.9949978    0.0660866 
   0.0000000    0.0000000    0.0000000    1.0000000 

frame: 153
   0.9987938    0.0041249   -0.0489287   -0.0083198 
  -0.0039379    0.9999846    0.0039181   -0.0076541 
   0.0489441   -0.0037207    0.9987946    0.0445474 
   0.0000000    0.0000000    0.0000000    1.0000000 

frame: 154
   0.9951521    0.0020078   -0.0983271   -0.0273608 
  -0.0021277    0.9999971   -0.0011139   -0.0091449 
   0.0983246    0.0013177    0.9951535    0.0446582 
   0.0000000    0.0000000    0.0000000    1.0000000 

frame: 155
   0.9989847    0.0086162   -0.0442189   -0.0101735 
  -0.0087529    0.9999575   -0.0028997   -0.0104656 
   0.0441921    0.0032838    0.9990177    0.0429510 
   0.0000000    0.0000000    0.0000000    1.0000000 

frame: 156
   0.9956036    0.0013262   -0.0936574   -0.0319007 
  -0.0018158    0.9999851   -0.0051427   -0.0423284 
   0.0936492    0.0052902    0.9955912    0.0406829 
   0.0000000    0.0000000    0.0000000    1.0000000 

frame: 157
   0.9991230    0.0026165   -0.0417898   -0.0030193 
  -0.0027033    0.9999943   -0.0020213    0.0013029 
   0.0417843    0.0021325    0.9991244    0.0284049 
   0.0000000    0.0000000    0.0000000    1.0000000 

frame: 158
   0.9974446    0.0020128   -0.0714158   -0.0132180 
  -0.0021270    0.9999966   -0.0015228   -0.0098128 
   0.0714125    0.0016708    0.9974455    0.0679735 
   0.0000000    0.0000000    0.0000000    1.0000000 

frame: 159
   0.9993287   -0.0069804   -0.0359643    0.0048958 
   0.0066867    0.9999434   -0.0082809    0.0079339 
   0.0360201    0.0080348    0.9993188    0.0270564 
   0.0000000    0.0000000    0.0000000    1.0000000 

frame: 160
   0.9983078    0.0011988   -0.0581380   -0.0044252 
  -0.0012904    0.9999980   -0.0015368   -0.0155148 
   0.0581361    0.0016092    0.9983074    0.0819049 
   0.0000000    0.0000000    0.0000000    1.0000000 

frame: 161
   0.9997321    0.0023321   -0.0230286   -0.0078502 
  -0.0022763    0.9999944    0.0024500    0.0015236 
   0.0230342   -0.0023970    0.9997318    0.0472766 
   0.0000000    0.0000000    0.0000000    1.0000000 

frame: 162
   0.9986865    0.0013910   -0.0512189   -0.0082417 
  -0.0014572    0.9999981   -0.0012558    0.0072123 
   0.0512171    0.0013288    0.9986867    0.0880507 
   0.0000000    0.0000000    0.0000000    1.0000000 

frame: 163
   0.9996271   -0.0009740   -0.0272906   -0.0010932 
   0.0009025    0.9999961   -0.0026320   -0.0001235 
   0.0272931    0.0026064    0.9996241    0.0466087 
   0.0000000    0.0000000    0.0000000    1.0000000 

frame: 164
   0.9996271   -0.0009740   -0.0272906   -0.0010932 
   0.0009025    0.9999961   -0.0026320   -0.0001235 
   0.0272931    0.0026064    0.9996241    0.0466087 
   0.0000000    0.0000000    0.0000000    1.0000000 

frame: 165
   0.9996271   -0.0009740   -0.0272906   -0.0010932 
   0.0009025    0.9999961   -0.0026320   -0.0001235 
   0.0272931    0.0026064    0.9996241    0.0466087 
   0.0000000    0.0000000    0.0000000    1.0000000 

frame: 166
   0.9996271   -0.0009740   -0.0272906   -0.0010932 
   0.0009025    0.9999961   -0.0026320   -0.0001235 
   0.0272931    0.0026064    0.9996241    0.0466087 
   0.0000000    0.0000000    0.0000000    1.0000000 

frame: 167
   0.9997107    0.0031777   -0.0238424   -0.0074330 
  -0.0031397    0.9999937    0.0016283   -0.0028130 
   0.0238474   -0.0015530    0.9997144    0.0476954 
   0.0000000    0.0000000    0.0000000    1.0000000 

frame: 168
   0.9985931   -0.0021277   -0.0529845   -0.0066015 
   0.0020355    0.9999963   -0.0017942   -0.0044515 
   0.0529881    0.0016838    0.9985937    0.0901915 
   0.0000000    0.0000000    0.0000000    1.0000000 

frame: 169
   0.9997247    0.0040597   -0.0231082   -0.0084843 
  -0.0039521    0.9999811    0.0046998   -0.0021017 
   0.0231268   -0.0046072    0.9997219    0.0501996 
   0.0000000    0.0000000    0.0000000    1.0000000 

frame: 170
   0.9985863    0.0027242   -0.0530849   -0.0046785 
  -0.0031532    0.9999630   -0.0079988    0.0118171 
   0.0530612    0.0081549    0.9985580    0.0950627 
   0.0000000    0.0000000    0.0000000    1.0000000 

frame: 171
   0.9997442    0.0041900   -0.0222252   -0.0086184 
  -0.0041359    0.9999884    0.0024829   -0.0080803 
   0.0222353   -0.0023904    0.9997499    0.0496620 
   0.0000000    0.0000000    0.0000000    1.0000000 

frame: 172
   0.9991335    0.0042818   -0.0414003   -0.0103335 
  -0.0041930    0.9999887    0.0022298   -0.0099330 
   0.0414094   -0.0020543    0.9991402    0.0966981 
   0.0000000    0.0000000    0.0000000    1.0000000 

frame: 173
   0.9998147   -0.0026161   -0.0190739   -0.0029406 
   0.0025995    0.9999962   -0.0008938    0.0072844 
   0.0190762    0.0008440    0.9998177    0.0461302 
   0.0000000    0.0000000    0.0000000    1.0000000 

frame: 174
   0.9997084    0.0006045   -0.0241414    0.0069239 
  -0.0006309    0.9999992   -0.0010876    0.0008786 
   0.0241408    0.0011026    0.9997080    0.0994986 
   0.0000000    0.0000000    0.0000000    1.0000000 

frame: 175
   0.9999973    0.0007248    0.0022099   -0.0037822 
  -0.0007281    0.9999986    0.0014786   -0.0078880 
  -0.0022089   -0.0014802    0.9999965    0.0518582 
   0.0000000    0.0000000    0.0000000    1.0000000 

frame: 176
   0.9999970    0.0016967   -0.0017441   -0.0040472 
  -0.0017024    0.9999933   -0.0032501    0.0032368 
   0.0017385    0.0032531    0.9999932    0.0997823 
   0.0000000    0.0000000    0.0000000    1.0000000 

frame: 177
   0.9999984   -0.0000003   -0.0017874   -0.0010222 
   0.0000055    0.9999958    0.0028937   -0.0083491 
   0.0017874   -0.0028937    0.9999942    0.0559496 
   0.0000000    0.0000000    0.0000000    1.0000000 

frame: 178
   0.9999978   -0.0021113    0.0000431    0.0009786 
   0.0021115    0.9999885   -0.0043065    0.0049077 
  -0.0000340    0.0043066    0.9999907    0.0969377 
   0.0000000    0.0000000    0.0000000    1.0000000 

frame: 179
   0.9999628    0.0030234    0.0080748   -0.0007131 
  -0.0030415    0.9999929    0.0022351   -0.0018823 
  -0.0080680   -0.0022595    0.9999649    0.0559936 
   0.0000000    0.0000000    0.0000000    1.0000000 

frame: 180
